q 
.98481 .17365 -.17365 .98481 0 0 cm
1 0 0 1 100 -400 cm
64 459 m 14 459 14 509 v 14 699 l 14 749 64 749 v 254 749 l 304 749 304 699 v 304 509 l 304 459 254 459 v h f
1 1 1 rg 
115.043 509.371 m 116.902 506.84 l 114.82 504.832 110.504 502.676 105.449
 502.676 c 94.883 502.676 89.527 510.039 89.527 522.238 c 89.527 537.414
 98.68 541.355 105.074 541.355 c 109.094 541.355 114.078 540.094 117.426
 535.183 c 114.746 533.172 l 111.922 536.82 108.723 538.156 105 538.156 
c 98.383 538.156 93.25 533.472 93.25 522.312 c 93.25 512.937 96.598 505.871
 105.523 505.871 c 108.723 505.871 112.07 506.914 115.043 509.371 c h f
151.199 509.668 m 151.719 503.715 l 148.148 503.715 l 147.703 508.402 l
 147.555 508.476 l 145.469 505.5 141.898 502.676 135.949 502.676 c 125.086
 502.676 121.441 510.558 121.441 520.453 c 121.441 533.621 127.543 541.359
 139.594 541.359 c 141.824 541.359 146.809 540.762 151.199 539.199 c h
147.48 536.597 m 145.992 537.34 142.496 538.16 138.777 538.16 c 128.586
 538.16 125.16 530.347 125.16 519.933 c 125.16 513.238 127.32 505.722 136.246
 505.722 c 143.609 505.722 147.477 510.633 147.477 515.394 c 147.477 536.597 l h f
161.395 508.922 m 163.402 507.582 166.898 505.722 171.508 505.722 c 175.898
 505.722 180.066 508.105 180.066 513.164 c 180.066 518.148 176.27 519.637
 171.508 520.902 c 166.156 522.312 160.426 523.875 160.426 531.09 c 160.426
 538.234 166.078 541.355 172.105 541.355 c 177.164 541.355 181.328 539.051
 183.637 536.519 c 181.328 534.066 l 179.098 536.371 175.824 538.308 171.66
 538.308 c 168.09 538.308 163.848 536.523 163.848 531.39 c 163.848 526.703
 167.793 525.363 172.551 523.949 c 177.832 522.39 183.637 520.902 183.637
 513.535 c 183.637 506.543 178.504 502.676 171.359 502.676 c 165.633 502.676
 161.094 504.832 159.758 506.097 c h f
192.488 503.715 m 192.488 555.414 l 196.207 555.414 l 196.207 534.961 l
 199.332 539.496 204.168 541.355 208.559 541.355 c 216.293 541.355 220.309
 537.043 220.309 528.711 c 220.309 503.715 l 216.59 503.715 l 216.59 527.222
 l 216.59 533.027 215.328 538.305 207.664 538.305 c 201.414 538.305 196.207
 532.875 196.207 527.89 c 196.207 503.715 l h f
122.563 622.988 m 122.563 668.566 l 136.727 668.566 l 136.727 622.988 l h f
148.102 654.027 m 148.102 659.711 147.918 664.469 147.734 668.566 c 160.031
 668.566 l 160.688 662.226 l 160.965 662.226 l 162.832 665.211 167.398 669.594
 175.043 669.594 c 184.363 669.594 191.352 663.347 191.352 649.926 c 191.352
 622.988 l 177.184 622.988 l 177.184 648.246 l 177.184 654.117 175.133 658.129
 170.008 658.129 c 166.094 658.129 163.762 655.422 162.738 652.812 c 162.367
 651.879 162.273 650.574 162.273 649.277 c 162.273 622.988 l 148.102 622.988
 l h f
148.102 598.957 m 148.102 604.637 147.918 609.394 147.734 613.492 c 160.031
 613.492 l 160.688 607.152 l 160.965 607.152 l 162.832 610.137 167.398 614.519
 175.043 614.519 c 184.363 614.519 191.352 608.273 191.352 594.851 c 191.352
 567.914 l 177.184 567.914 l 177.184 593.172 l 177.184 599.043 175.133 603.055
 170.008 603.055 c 166.094 603.055 163.762 600.347 162.738 597.738 c 162.367
 596.808 162.273 595.504 162.273 594.203 c 162.273 567.914 l 148.102 567.914
 l h f
144.805 588.75 m 144.805 572.851 133.527 565.566 121.891 565.566 c 109.191
 565.566 99.418 573.918 99.418 587.953 c 99.418 602.074 108.66 611.043 122.695
 611.043 c 135.926 611.043 144.805 601.894 144.805 588.75 c h
113.363 588.305 m 113.363 580.847 116.473 575.254 122.25 575.254 c 127.578
 575.254 130.863 580.496 130.863 588.402 c 130.863 594.793 128.371 601.363
 122.25 601.363 c 115.852 601.359 113.363 594.703 113.363 588.305 c h f
200.418 586.242 m 200.418 567.781 l 232.273 567.89 l 243.52 567.89 254.926
 570.105 263.203 577.383 c 271.961 585.137 274.922 597.324 274.922 612.191
 c 274.922 612.191 275.238 673.262 275.551 678.324 c 254.926 678.324 l 254.141
 668.992 l 253.832 668.992 l 249.926 675.476 243.371 680.066 232.898 680.066
 c 213.988 680.066 198.211 664.246 198.211 639.246 c 198.211 617.097 211.648
 601.59 230.551 601.59 c 239.301 601.59 246.648 605.238 251.18 611.558 c
 251.492 611.558 l 251.492 606.652 l 251.492 592.258 242.895 586.242 231.648
 586.242 c h
251.18 635.449 m 251.18 633.39 251.023 630.863 250.395 628.961 c 248.832
 623.422 243.992 619.312 237.742 619.312 c 227.898 619.312 222.27 628.328
 222.27 639.883 c 222.27 653.957 229.145 661.867 237.898 661.867 c 244.461
 661.867 248.992 657.594 250.711 651.269 c 251.023 649.844 251.18 648.265
 251.18 646.84 c h f
139.617 684.097 m 139.617 678.722 135.262 674.363 129.887 674.363 c 124.512
 674.363 120.152 678.722 120.152 684.097 c 120.152 689.472 124.512 693.828
 129.887 693.828 c 135.262 693.828 139.617 689.472 139.617 684.097 c h f
82.113 586.16 m 70.863 586.16 62.27 592.176 62.27 606.57 c 62.27 611.476
 l 62.578 611.476 l 67.113 605.156 74.461 601.508 83.207 601.508 c 102.113
 601.508 115.551 617.015 115.551 639.164 c 115.551 664.164 99.77 679.984
 80.863 679.984 c 70.391 679.984 63.832 675.394 59.93 668.91 c 59.617 668.91
 l 58.836 678.238 l 38.211 678.238 l 38.523 673.18 38.84 612.105 38.84 612.105
 c 38.84 597.238 41.801 585.055 50.559 577.301 c 58.836 570.023 70.238 567.808
 81.484 567.808 c 91.484 567.781 l 91.484 586.16 l h
62.578 646.758 m 62.578 648.183 62.738 649.765 63.051 651.187 c 64.766 
657.512 69.301 661.785 75.863 661.785 c 84.617 661.785 91.492 653.875 91.492
 639.801 c 91.492 628.246 85.859 619.23 76.016 619.23 c 69.766 619.23 64.93
 623.344 63.367 628.879 c 62.738 630.781 62.578 633.308 62.578 635.367 c h f
Q
